{"fiducials":[{"transform":[-0.4999999999999998,-0.8660254037844388,-6.162975822039155e-33,6.83718676830348,0.8660254037844388,-0.4999999999999998,-1.224646799147354e-16,-3.805428,1.0605752387249077e-16,-6.123233995736769e-17,1,1.3431549012106698,0,0,0,1],"size":152.4,"id":1,"family":"apriltag3_16h5_classic","unique":1},{"transform":[-0.4999999999999998,-0.8660254037844388,0,7.942834,0.8660254037844388,-0.4999999999999998,0,-3.167634,0,0,1,1.330452,0,0,0,1],"size":152.4,"id":2,"family":"apriltag3_16h5_classic","unique":1},{"transform":[-1,-1.2246467991473532e-16,0,8.337042,1.2246467991473532e-16,-1,0,0.931418,0,0,1,1.413002,0,0,0,1],"size":152.4,"id":3,"family":"apriltag3_16h5_classic","unique":1},{"transform":[-1,-1.2246467991473532e-16,0,8.337042,1.2246467991473532e-16,-1,0,1.496568,0,0,1,1.400302,0,0,0,1],"size":152.4,"id":4,"family":"apriltag3_16h5_classic","unique":1},{"transform":[-2.220446049250313e-16,1,0,6.458458,-1,-2.220446049250313e-16,0,4.1529,0,0,1,1.292352,0,0,0,1],"size":152.4,"id":5,"family":"apriltag3_16h5_classic","unique":1},{"transform":[-2.220446049250313e-16,1,0,-6.4008,-1,-2.220446049250313e-16,0,4.1529,0,0,1,1.279652,0,0,0,1],"size":152.4,"id":6,"family":"apriltag3_16h5_classic","unique":1},{"transform":[1,0,0,-8.2804,0,1,0,1.496568,0,0,1,1.362202,0,0,0,1],"size":152.4,"id":7,"family":"apriltag3_16h5_classic","unique":1},{"transform":[1,0,0,-8.2804,0,1,0,0.931418,0,0,1,1.349502,0,0,0,1],"size":152.4,"id":8,"family":"apriltag3_16h5_classic","unique":1},{"transform":[1,0,0,-7.886192,0,1,0,-3.167634,0,0,1,1.241552,0,0,0,1],"size":152.4,"id":9,"family":"apriltag3_16h5_classic","unique":1},{"transform":[0.5000000000000001,-0.8660254037844386,0,-6.780784,0.8660254037844386,0.5000000000000001,0,-3.805428,0,0,1,1.241552,0,0,0,1],"size":152.4,"id":10,"family":"apriltag3_16h5_classic","unique":1},{"transform":[1,0,0,3.662426,0,1,0,-0.338074,0,0,1,1.1811,0,0,0,1],"size":152.4,"id":11,"family":"apriltag3_16h5_classic","unique":1},{"transform":[1,0,0,3.662426,0,1,0,0.44704,0,0,1,1.1684,0,0,0,1],"size":152.4,"id":12,"family":"apriltag3_16h5_classic","unique":1},{"transform":[1,0,0,2.977896,0,1,0,0.053848,0,0,1,1.1557,0,0,0,1],"size":152.4,"id":13,"family":"apriltag3_16h5_classic","unique":1},{"transform":[1,0,0,-3.600958,0,1,0,0.44704,0,0,1,1.1303,0,0,0,1],"size":152.4,"id":15,"family":"apriltag3_16h5_classic","unique":1},{"transform":[1,0,0,-3.600958,0,1,0,-0.338074,0,0,1,1.1176,0,0,0,1],"size":152.4,"id":16,"family":"apriltag3_16h5_classic","unique":1},{"transform":[1,0,0,-2.921508,0,1,0,0.053848,0,0,1,1.143,0,0,0,1],"size":152.4,"id":14,"family":"apriltag3_16h5_classic","unique":1}]}